 1.0000    0.413     0.060     0.766     0.969
 0.9928    0.246     0.049     0.868     0.975
 0.9799    0.183     0.029     0.904     0.985
 0.9635    0.135     0.002     0.930     0.999
 0.9445    0.097    -0.031     0.950     1.015
 0.9235    0.065    -0.062     0.967     1.030
 0.9007    0.038    -0.066     0.981     1.033
 0.8766    0.014    -0.072     0.993     1.035
 0.8512   -0.008    -0.078     1.004     1.038
 0.8249   -0.029    -0.084     1.014     1.041
 0.7977   -0.048    -0.092     1.024     1.045
 0.7699   -0.066    -0.101     1.033     1.049
 0.7415   -0.084    -0.110     1.041     1.054
 0.7127   -0.101    -0.120     1.049     1.059
 0.6836   -0.118    -0.132     1.057     1.064
 0.6543   -0.134    -0.145     1.065     1.070
 0.6249   -0.151    -0.158     1.073     1.076
 0.5955   -0.167    -0.172     1.080     1.083
 0.5661   -0.184    -0.187     1.088     1.090
 0.5368   -0.200    -0.202     1.096     1.097
 0.5077   -0.217    -0.218     1.103     1.104
 0.4789   -0.233    -0.234     1.110     1.111
 0.4505   -0.250    -0.250     1.118     1.118
 0.4225   -0.266    -0.266     1.125     1.125
 0.3949   -0.282    -0.282     1.132     1.132
 0.3678   -0.298    -0.298     1.139     1.139
 0.3413   -0.314    -0.313     1.146     1.146
 0.3155   -0.329    -0.328     1.153     1.152
 0.2904   -0.343    -0.342     1.159     1.159
 0.2659   -0.357    -0.356     1.165     1.164
 0.2423   -0.369    -0.368     1.170     1.170
 0.2195   -0.381    -0.380     1.175     1.175
 0.1976   -0.391    -0.390     1.179     1.179
 0.1766   -0.400    -0.398     1.183     1.183
 0.1566   -0.407    -0.405     1.186     1.185
 0.1376   -0.411    -0.410     1.188     1.187
 0.1197   -0.414    -0.412     1.189     1.188
 0.1028   -0.413    -0.410     1.189     1.188
 0.0871   -0.408    -0.405     1.187     1.185
 0.0726   -0.398    -0.395     1.183     1.181
 0.0592   -0.382    -0.377     1.176     1.174
 0.0472   -0.356    -0.350     1.165     1.162
 0.0364   -0.316    -0.309     1.147     1.144
 0.0269   -0.256    -0.246     1.121     1.116
 0.0188   -0.163    -0.150     1.079     1.072
 0.0121   -0.020    -0.006     1.010     1.003
 0.0069    0.197     0.216     0.896     0.886
 0.0031    0.504     0.517     0.704     0.695
 0.0008    0.839     0.846     0.401     0.393
 0.0000    1.000     1.000     0.000     0.000
 0.0008    0.839     0.846    -0.401    -0.393
 0.0031    0.504     0.517    -0.704    -0.695
 0.0069    0.197     0.216    -0.896    -0.886
 0.0121   -0.020    -0.006    -1.010    -1.003
 0.0188   -0.163    -0.150    -1.079    -1.072
 0.0269   -0.256    -0.246    -1.121    -1.116
 0.0364   -0.316    -0.309    -1.147    -1.144
 0.0472   -0.356    -0.350    -1.165    -1.162
 0.0592   -0.382    -0.377    -1.176    -1.174
 0.0726   -0.398    -0.395    -1.183    -1.181
 0.0871   -0.408    -0.405    -1.187    -1.185
 0.1028   -0.413    -0.410    -1.189    -1.188
 0.1197   -0.414    -0.412    -1.189    -1.188
 0.1376   -0.411    -0.410    -1.188    -1.187
 0.1566   -0.407    -0.405    -1.186    -1.185
 0.1766   -0.400    -0.398    -1.183    -1.183
 0.1976   -0.391    -0.390    -1.179    -1.179
 0.2195   -0.381    -0.380    -1.175    -1.175
 0.2423   -0.369    -0.368    -1.170    -1.170
 0.2659   -0.357    -0.356    -1.165    -1.164
 0.2904   -0.343    -0.342    -1.159    -1.159
 0.3155   -0.329    -0.328    -1.153    -1.152
 0.3413   -0.314    -0.313    -1.146    -1.146
 0.3678   -0.298    -0.298    -1.139    -1.139
 0.3949   -0.282    -0.282    -1.132    -1.132
 0.4225   -0.266    -0.266    -1.125    -1.125
 0.4505   -0.250    -0.250    -1.118    -1.118
 0.4789   -0.233    -0.234    -1.110    -1.111
 0.5077   -0.217    -0.218    -1.103    -1.104
 0.5368   -0.200    -0.202    -1.096    -1.097
 0.5661   -0.184    -0.187    -1.088    -1.090
 0.5955   -0.167    -0.172    -1.080    -1.083
 0.6249   -0.151    -0.158    -1.073    -1.076
 0.6543   -0.134    -0.145    -1.065    -1.070
 0.6836   -0.118    -0.132    -1.057    -1.064
 0.7127   -0.101    -0.120    -1.049    -1.059
 0.7415   -0.084    -0.110    -1.041    -1.054
 0.7699   -0.066    -0.101    -1.033    -1.049
 0.7977   -0.048    -0.092    -1.024    -1.045
 0.8249   -0.029    -0.084    -1.014    -1.041
 0.8512   -0.008    -0.078    -1.004    -1.038
 0.8766    0.014    -0.072    -0.993    -1.035
 0.9007    0.038    -0.066    -0.981    -1.033
 0.9235    0.065    -0.062    -0.967    -1.030
 0.9445    0.097    -0.031    -0.950    -1.015
 0.9635    0.135     0.002    -0.930    -0.999
 0.9799    0.183     0.029    -0.904    -0.985
 0.9928    0.246     0.049    -0.868    -0.975
 1.0000    0.413     0.060    -0.766    -0.969


