 1.0000    0.414     0.065     0.765     0.967
 0.9928    0.242     0.058     0.871     0.970
 0.9799    0.175     0.044     0.908     0.978
 0.9635    0.123     0.027     0.937     0.986
 0.9445    0.081     0.008     0.959     0.996
 0.9235    0.046    -0.012     0.977     1.006
 0.9007    0.014    -0.032     0.993     1.016
 0.8766   -0.014    -0.053     1.007     1.026
 0.8512   -0.041    -0.075     1.020     1.037
 0.8249   -0.066    -0.099     1.032     1.048
 0.7977   -0.089    -0.125     1.044     1.061
 0.7699   -0.112    -0.156     1.055     1.075
 0.7415   -0.135    -0.192     1.065     1.092
 0.7127   -0.157    -0.234     1.075     1.111
 0.6836   -0.179    -0.279     1.086     1.131
 0.6543   -0.201    -0.310     1.096     1.145
 0.6249   -0.223    -0.322     1.106     1.150
 0.5955   -0.245    -0.335     1.116     1.156
 0.5661   -0.268    -0.349     1.126     1.162
 0.5368   -0.291    -0.364     1.136     1.168
 0.5077   -0.315    -0.380     1.147     1.175
 0.4789   -0.339    -0.398     1.157     1.182
 0.4505   -0.363    -0.417     1.167     1.190
 0.4225   -0.388    -0.437     1.178     1.199
 0.3949   -0.413    -0.458     1.189     1.208
 0.3678   -0.439    -0.481     1.200     1.217
 0.3413   -0.465    -0.505     1.210     1.227
 0.3155   -0.492    -0.530     1.221     1.237
 0.2904   -0.518    -0.556     1.232     1.247
 0.2659   -0.546    -0.583     1.243     1.258
 0.2423   -0.573    -0.611     1.254     1.269
 0.2195   -0.601    -0.639     1.265     1.280
 0.1976   -0.628    -0.668     1.276     1.291
 0.1766   -0.657    -0.698     1.287     1.303
 0.1566   -0.685    -0.728     1.298     1.315
 0.1376   -0.714    -0.759     1.309     1.326
 0.1197   -0.743    -0.791     1.320     1.338
 0.1028   -0.774    -0.825     1.332     1.351
 0.0871   -0.804    -0.859     1.343     1.363
 0.0726   -0.836    -0.894     1.355     1.376
 0.0592   -0.867    -0.930     1.366     1.389
 0.0472   -0.898    -0.965     1.378     1.402
 0.0364   -0.925    -0.996     1.387     1.413
 0.0269   -0.944    -1.020     1.394     1.421
 0.0188   -0.942    -1.022     1.394     1.422
 0.0121   -0.897    -0.981     1.377     1.407
 0.0069   -0.762    -0.852     1.327     1.361
 0.0031   -0.462    -0.547     1.209     1.244
 0.0008    0.058    -0.029     0.970     1.015
 0.0000    0.647     0.585     0.594     0.644
 0.0008    0.971     0.948     0.169     0.229
 0.0031    0.961     0.980    -0.198    -0.140
 0.0069    0.786     0.830    -0.463    -0.412
 0.0121    0.589     0.647    -0.641    -0.594
 0.0188    0.420     0.478    -0.762    -0.722
 0.0269    0.286     0.345    -0.845    -0.810
 0.0364    0.181     0.236    -0.905    -0.874
 0.0472    0.099     0.151    -0.949    -0.921
 0.0592    0.035     0.084    -0.982    -0.957
 0.0726   -0.016     0.030    -1.008    -0.985
 0.0871   -0.056    -0.013    -1.028    -1.007
 0.1028   -0.088    -0.048    -1.043    -1.024
 0.1197   -0.114    -0.075    -1.055    -1.037
 0.1376   -0.133    -0.097    -1.065    -1.047
 0.1566   -0.149    -0.114    -1.072    -1.055
 0.1766   -0.160    -0.127    -1.077    -1.061
 0.1976   -0.168    -0.136    -1.081    -1.066
 0.2195   -0.173    -0.142    -1.083    -1.069
 0.2423   -0.175    -0.146    -1.084    -1.070
 0.2659   -0.175    -0.147    -1.084    -1.071
 0.2904   -0.173    -0.146    -1.083    -1.071
 0.3155   -0.170    -0.144    -1.082    -1.069
 0.3413   -0.166    -0.140    -1.080    -1.068
 0.3678   -0.160    -0.135    -1.077    -1.065
 0.3949   -0.153    -0.128    -1.074    -1.062
 0.4225   -0.145    -0.121    -1.070    -1.059
 0.4505   -0.137    -0.113    -1.066    -1.055
 0.4789   -0.128    -0.104    -1.062    -1.051
 0.5077   -0.118    -0.094    -1.057    -1.046
 0.5368   -0.108    -0.084    -1.053    -1.041
 0.5661   -0.098    -0.074    -1.048    -1.036
 0.5955   -0.088    -0.063    -1.043    -1.031
 0.6249   -0.077    -0.052    -1.038    -1.026
 0.6543   -0.066    -0.040    -1.032    -1.020
 0.6836   -0.054    -0.028    -1.027    -1.014
 0.7127   -0.043    -0.017    -1.021    -1.008
 0.7415   -0.030    -0.005    -1.015    -1.003
 0.7699   -0.017     0.006    -1.009    -0.997
 0.7977   -0.004     0.017    -1.002    -0.992
 0.8249    0.011     0.026    -0.994    -0.987
 0.8512    0.027     0.034    -0.986    -0.983
 0.8766    0.045     0.041    -0.977    -0.979
 0.9007    0.066     0.047    -0.967    -0.976
 0.9235    0.089     0.053    -0.955    -0.973
 0.9445    0.116     0.057    -0.940    -0.971
 0.9635    0.150     0.060    -0.922    -0.970
 0.9799    0.194     0.063    -0.898    -0.968
 0.9928    0.253     0.064    -0.864    -0.967
 1.0000    0.414     0.065    -0.765    -0.967


